      x         y         z     velocity      sfr
     43.32     66.19      0.08   4595.17      0.00
     45.25     66.12      0.12   4858.85      1.89
     48.75     60.91      0.13   4950.48      1.86
     55.37      0.62      0.17     46.97     17.19
     50.70    123.84      0.21   8470.51      0.66
     45.88    106.17      0.28   8133.73      5.19
     50.06    124.65      0.34   8804.01      8.90
     43.89     65.86      0.38   5754.24      0.00
     49.19     59.61      0.49   5627.14      9.55
     55.27      0.77      0.52  -1068.20      0.50
     44.44     65.39      0.73   4850.80      1.00
     42.17     66.08      0.74   4818.52      1.92
     48.08     65.85      0.82   5484.49      7.02
     49.40     67.19      0.82   5114.56      0.23
     41.14    123.19      0.92   8942.09      1.88
     47.77     62.48      0.95   5010.74      6.28
     48.04     66.70      1.06   4430.87      1.31
     56.93    139.34      1.06  10464.10      2.08
     56.31     69.25      1.10   5205.08      3.54
     49.53     67.30      1.11   5205.67     12.98
     51.59     46.25      1.14   3827.61      3.03
     54.41     14.81      1.18    937.85      2.12
     50.45     67.19      1.21   5130.34      1.12
     50.84      1.26      1.59    -82.97      1.53
     51.89    117.24      1.59   8700.50      3.00
     52.93     17.08      1.95   1417.18      2.46
     40.90     82.85      2.24   6427.14      3.65
     45.64     68.90      2.26   5090.79      3.86
     41.65    104.37      2.28   7903.63      4.14
     44.31     16.83      2.47    953.26      3.52
     51.56    130.79      2.78   9250.53      3.84
     50.28    130.92      2.85   9272.92      3.02
     48.71      0.92      2.91    189.43     13.09
     56.77    133.76      3.25   9803.93      2.84
     53.44     17.70      3.72   1249.66     17.88
     40.68    113.01      3.80   8157.85     10.99
     54.10     19.12      4.13    734.84      5.08
     47.53     77.74      4.19   5652.67      1.60
     54.79     68.37      4.29   5736.28      0.00
     54.78     68.14      4.32   5364.67      0.00
     54.92     68.30      4.55   5497.61      0.00
     57.90      2.62      4.55     74.73      1.75
     43.96    119.40      4.67   9019.32      2.95
     49.13     39.64      4.71   3265.25      1.74
     52.03     94.98      4.90   6839.33      2.66
     55.03     68.39      4.91   5489.39      0.00
     57.92      0.33      5.01   1114.66     17.24
     51.97    117.23      5.09   8894.91      2.59
     55.26     68.15      5.09   4724.14      0.00
     40.25     63.62      5.14   5142.22      1.73
     51.18    122.14      5.20   8718.83      0.00
     48.05      3.27      5.51     62.78      1.73
     55.04     96.64      5.57   7042.19      3.29
     43.20    135.33      5.59   9969.56      0.77
     47.94     83.98      5.78   6156.74      2.79
     51.93    121.60      5.88   8653.71      0.00
     51.57    122.18      5.90   9160.57      0.00
     56.07     72.36      5.93   5363.95      0.76
     55.75    115.34      5.99   8369.59      2.84
     59.29    138.59      6.11  10388.78      2.64
     53.01     18.90      6.25    875.49      3.52
     46.89     81.47      6.27   6221.52      5.25
     49.35     75.20      6.34   5888.53      8.87
     56.30     73.59      6.59   5444.44      7.75
     49.51     75.38      6.64   5268.24      0.36
     47.92     60.13      6.74   4854.53      3.44
     52.98    117.20      6.95   8907.58      3.02
     50.92     61.06      7.07   5306.30     10.28
     51.00     61.22      7.08   5111.11      0.16
     51.66    119.95      7.20   9397.08      5.76
     40.47     60.00      7.27   4715.80      8.04
     50.43     74.73      7.36   5703.65      3.26
     52.29     76.76      7.51   5756.34      3.56
     42.63     54.50      7.54   4862.49      5.33
     52.66     17.74      7.54   1313.95      0.00
     52.68     17.74      7.54   1777.72      0.00
     45.11     59.24      7.66   4986.36      2.72
     58.18     94.98      7.66   7254.25      1.93
     52.87     17.73      7.69   1178.54      0.00
     52.63     82.16      7.74   5861.64      9.54
     52.87     81.42      7.80   6235.31      0.77
     51.73    119.04      7.94   9199.59      5.47
     54.98    109.58      8.03   8468.68      2.89
     52.66     17.88      8.07    458.51      0.00
     41.97    134.23      8.17   9881.31      3.35
     40.99     67.29      8.31   5508.05      9.48
     54.13     14.88      8.38   1381.71      4.99
     41.05     19.80      8.45   1465.24      0.01
     41.17     19.68      8.46   2068.17      9.82
     54.56    128.13      8.56   9689.02      0.00
     57.08     69.56      8.58   5772.91      0.20
     54.42    128.13      8.63   8996.94      0.00
     56.47     73.18      8.72   5223.66      4.85
     56.55     85.67      8.77   6470.13      4.45
     57.91     70.08      8.93   5673.22      0.00
     55.88    105.73      9.19   7840.66      2.50
     55.16     12.36      9.20   1040.23      3.37
     53.37     14.47      9.22   1368.99      1.54
     57.17     71.82      9.23   5357.23     12.12
     59.84      4.36      9.37   1070.50      1.73
     55.22     11.59      9.50    983.11      2.95
     57.68      9.30      9.53   1034.77      1.70
     55.47    110.63      9.55   8365.76      2.57
     53.69     79.22      9.57   6027.57      2.07
     49.10     78.44      9.59   5886.74      4.19
     56.86     11.44     10.22   1113.51      1.65
     49.26     90.05     10.29   6707.62      2.84
     51.65    124.27     10.31   8684.86      1.73
     54.01    115.76     10.31   8628.00      2.87
     51.55     19.55     10.40   1275.65      3.03
     57.57    132.90     10.55   9869.48      4.23
     55.86     13.52     10.67    628.39      5.68
     54.15     22.66     10.91   1816.99      3.93
     48.77     84.58     11.05   6160.81      2.00
     58.16    132.42     11.09  10201.68      5.19
     59.37     99.96     11.27   7390.81      0.00
     59.38    100.09     11.33   7444.01      0.01
     48.69     42.49     11.40   3491.10      1.68
     58.82     18.78     11.44   1546.03      2.34
     53.82     23.10     11.56   1212.45      5.90
     53.81     23.08     11.57   1384.68      0.17
     43.38     93.12     12.00   6768.00      2.76
     55.56    128.64     12.21   9821.75      3.63
     57.65     61.37     12.25   5262.77      2.81
     55.07     31.29     12.30   2407.15      1.82
     40.28      2.60     12.43    942.29      2.19
     50.64     83.64     12.51   6067.21      3.29
     57.02    107.82     12.59   8266.25      0.00
     55.35     26.57     12.73   1957.94      2.42
     55.03    114.71     12.99   8123.04      0.00
     58.89     72.64     13.04   5665.07      5.06
     55.20    114.98     13.14   9306.58      0.00
     54.94    115.72     13.21   8179.69      0.02
     57.29     40.90     13.32   3702.79      4.44
     59.03     72.13     13.57   5459.43      0.69
     50.70     77.02     13.82   5757.46      1.97
     50.44     53.03     14.31   4515.49      1.86
     51.47    120.80     14.73   8961.70      2.20
     57.27     72.48     14.82   5327.48      1.57
     57.34    114.78     14.86   8398.71      4.39
     57.14    111.90     15.15   8573.78      2.34
     52.26    122.18     15.33   9542.42      2.48
     56.11     74.34     15.72   5790.56      2.98
     59.31     42.34     15.81   3351.78      3.23
     57.72     40.06     15.88   3267.18     10.06
     51.76     15.72     15.99   1589.30      2.84
     58.72    119.03     16.23   9676.77     10.56
     58.54    119.12     16.32   9143.04      0.48
     58.78    116.58     16.45   9173.71      3.24
     45.54     21.61     16.55   2204.54      8.76
     53.16     71.92     16.74   5845.04      4.58
     59.09     82.61     16.86   6078.77      3.69
     52.66    120.75     17.03   9369.97      1.78
     43.89     66.43     17.19   5300.27      5.37
     45.41     42.71     17.28   3765.91      3.32
     44.15     22.37     17.30   2330.51      2.93
     49.84     56.55     17.34   5033.99      1.15
     51.43     15.08     17.42   1656.78     11.68
     52.96    124.85     17.49   9381.84      0.00
     52.99    124.89     17.49   9042.45      0.00
     56.12     48.22     17.55   4040.39      2.15
     52.60    124.70     17.60   8879.63      0.01
     53.04    124.94     17.60   8864.40      0.00
     58.01     79.08     17.74   6123.99      2.27
     52.50     71.81     17.92   6132.16      1.61
     53.81    125.50     18.33   9142.87      1.90
     50.13     65.06     18.59   5041.94      5.84
     57.78     74.35     18.72   5771.16      2.13
     51.59    128.52     18.74   9468.70      3.11
     52.26    122.12     18.74   9343.08      7.17
     53.38     42.90     18.92   4028.23      4.79
     54.13    127.93     19.00   8670.15      0.00
     54.04     44.28     19.04   3767.58      2.14
     49.76     14.88     19.15   1753.94      2.91
     52.16     76.13     19.18   6116.67      0.00
     56.34    124.57     19.19   9618.94      6.30
     52.09     76.22     19.26   5985.60      1.44
     52.08     76.22     19.28   6086.71      0.00
     56.78     11.56     19.37   1243.76      4.40
     55.94     80.08     19.44   5489.88      1.99
     57.44     80.83     19.59   6095.26      0.00
     57.55     80.65     19.61   6300.86      0.00
     54.58    129.14     19.65   9137.11      4.97
     56.19     68.04     19.70   5672.07      2.16
     51.65     76.40     19.74   5622.28      0.00
     57.50     48.42     19.94   4176.17      1.94
     51.27     76.49     20.08   6345.28      3.62
     43.21     66.76     20.25   5821.70      2.72
     49.84      2.38     20.36   1543.18      1.74
     41.69     15.87     20.37   1948.21      3.02
     49.76     73.83     20.38   6485.70      1.83
     49.44     76.81     20.83   6092.43      0.00
     52.50     71.51     20.92   6172.27      1.72
     44.25     14.33     21.06   1907.90      0.00
     44.46     13.83     21.20   2452.07      0.00
     44.46     13.84     21.22   2132.24     17.15
     42.03    122.88     21.27   8889.42      3.11
     53.43    131.71     21.63   9882.44      1.83
     59.31     87.10     21.66   7055.54      5.35
     43.60    136.21     21.74  10673.39      9.91
     42.96    137.37     21.77   9986.42      3.01
     50.61     73.11     21.81   5920.27      8.75
     54.94     82.51     21.85   6255.47      1.93
     51.95    122.16     21.94   9481.55      3.00
     48.80     73.86     21.99   5570.10      9.55
     45.66     53.92     22.00   4815.13      2.97
     40.20      8.98     22.17   2047.59      3.77
     59.87    122.89     22.18   9361.02      1.68
     47.17     73.03     22.24   6286.64      2.94
     49.10     76.31     22.33   6216.96      2.88
     48.19     75.57     22.41   5703.44      0.05
     46.49     75.93     22.45   6001.76      3.11
     45.90     54.39     22.47   4629.09      1.89
     48.05     75.60     22.48   5832.32     11.29
     47.51     75.68     22.68   5913.31      0.35
     40.16     34.56     22.80   3483.59      2.26
     49.05     74.33     22.83   5972.39      1.87
     57.35     84.39     22.84   6365.83      1.53
     50.92     80.10     23.17   6091.55      6.60
     53.05     16.60     23.55   2151.46      2.25
     42.38     19.04     23.72   2546.11      2.75
     53.14     88.16     23.72   6488.45      2.61
     52.33     83.07     23.76   5917.77      0.00
     41.12    126.95     23.92   9744.44      2.57
     42.74     74.57     23.96   6135.36     19.38
     52.29     83.06     24.01   6653.22      0.00
     52.89     82.46     24.02   6671.03      0.00
     42.71    130.52     24.04   9905.09      2.94
     53.13     82.88     24.18   6231.48      0.00
     42.34    127.44     24.19   9403.67      2.69
     52.86     82.56     24.21   6098.43      0.00
     42.47    131.35     24.30   9645.68      1.80
     40.04    136.07     24.48  10296.00      2.35
     53.19     17.36     24.52   2481.81      2.64
     46.38     41.32     24.63   3941.23      0.40
     48.48     80.05     24.76   6210.94      3.38
     46.09     41.17     24.93   3959.73      5.77
     51.50     82.93     25.11   6164.11      7.08
     57.67     86.61     25.15   6541.11      1.83
     43.10     72.79     25.23   5718.37      2.18
     42.39     40.07     25.34   3990.74      1.53
     50.39     83.31     25.56   6051.45      3.70
     43.40     77.79     25.71   5956.69      9.39
     42.71     43.18     25.80   4024.45      3.70
     43.47    126.19     25.85   9670.34      2.19
     43.04     72.07     25.86   6138.16      5.82
     42.43     19.99     26.45   2279.76      0.00
     59.29     64.04     26.51   5166.99      2.63
     42.42     19.98     26.63   2566.32      0.65
     41.94     81.03     26.64   6090.86      2.70
     41.78     70.47     26.72   5415.69      0.00
     55.03     84.80     26.73   6559.39      4.74
     42.65     20.12     26.77   2806.46     14.43
     50.36     83.72     26.80   5715.29      3.75
     41.93     70.26     26.82   5659.83      0.00
     48.31     83.99     26.82   6053.40      1.87
     41.92     70.24     26.83   5866.38      0.00
     45.07     16.42     26.90   2623.17      1.95
     41.26     77.96     26.94   6006.43      1.67
     41.59    133.57     26.96   9825.19      0.00
     47.37     84.40     27.27   6222.54      2.02
     58.61     45.77     27.30   4320.07      2.66
     42.10     74.81     27.31   5728.21      2.18
     58.69     63.58     27.61   4974.02      4.15
     55.65     85.29     27.89   6069.45      2.79
     41.93     25.03     28.01   2918.21      1.75
     48.01    124.21     28.48   9274.40      3.34
     44.15      5.70     28.67   2209.90      6.56
     44.45      0.65     29.10   2149.87      1.71
     53.61     19.36     29.16   2690.41      0.00
     53.52     19.30     29.22   3020.37     11.87
     45.25     17.75     29.37   2774.11      3.68
     56.52     87.01     29.59   6499.86      3.13
     50.82     78.49     29.86   6203.80      2.74
     56.30     45.08     29.86   4241.49      2.49
     50.72    124.32     30.04   9752.08      1.58
     46.49     16.69     30.32   2600.43      0.00
     46.10     17.24     30.75   2771.02      0.00
     46.33     17.07     30.82   2853.07      0.00
     42.69    134.14     30.86  10368.83      2.14
     46.46     17.00     30.91   2662.69      0.00
     41.41     34.35     30.92   4539.92      1.40
     41.45     35.50     30.93   4368.92      0.00
     50.83    123.93     30.93   9387.05      1.28
     40.51     35.83     30.97   2978.16      0.00
     40.78     34.96     31.04   4066.61      0.00
     41.17     35.92     31.28   3443.31      0.00
     41.19     35.88     31.28   4519.23      0.00
     41.20     35.88     31.28   3574.80      0.00
     40.95     35.77     31.38   4272.58      0.00
     41.60     35.93     31.47   2903.87      0.00
     59.80     94.22     31.79   6791.84      1.74
     51.60     57.88     32.65   5038.63      5.23
     49.92     64.57     32.76   5191.62      9.32
     45.55     41.13     32.84   3870.97      0.00
     43.10     38.98     32.88   3760.62      4.23
     45.18     41.16     32.94   4194.00      0.00
     45.19     41.25     32.99   4022.08      0.00
     50.78     57.30     33.07   5282.21      2.07
     51.30     43.93     33.15   4515.65      0.00
     52.79     34.02     33.15   4206.39      4.74
     50.10     85.46     33.23   6751.28      3.09
     41.47     41.93     33.52   4222.29      5.22
     45.10     49.75     33.61   5243.25      2.49
     43.69     42.64     33.71   4023.37      3.08
     44.30     35.27     33.81   4079.31      4.42
     47.69     44.12     33.82   3776.02      0.58
     55.41    123.96     33.94   9752.79      1.96
     44.02     45.38     33.97   4791.51      5.13
     47.80     44.11     33.97   3905.85     20.57
     47.73     86.16     34.04   6647.45      3.08
     48.10     43.70     34.09   4650.48      0.09
     46.70     57.31     34.29   4945.95      1.91
     44.92     42.71     34.43   3867.18      1.84
     56.89     40.38     34.81   4153.62      6.03
     52.41     17.17     34.89   2645.55     16.68
     54.29     85.90     34.91   6880.70      5.12
     45.78     22.98     34.92   3541.83      6.45
     46.07     30.93     35.03   3462.40      8.29
     45.82     22.94     35.04   2943.27      0.00
     52.57     17.27     35.04   2814.40      0.00
     51.52     34.53     35.12   3813.14      1.67
     53.04    124.43     35.16   9795.51      2.30
     57.34      0.60     35.64   2817.21      1.35
     54.78     18.76     35.69   3174.15      4.05
     55.90     20.92     35.69   2946.15      2.95
     56.09     21.68     35.78   2923.83      3.85
     44.65     48.29     35.81   5113.67      5.97
     46.16     49.50     35.82   5255.97      1.65
     54.24     86.72     35.87   6799.95      4.49
     43.94     56.03     36.03   4600.66      4.03
     52.76     16.19     36.23   2787.35     10.30
     40.06     54.07     36.64   5030.08      0.00
     44.87     16.23     36.71   2937.12      2.22
     52.07     85.42     36.93   6877.52      3.13
     45.70     51.90     37.09   4402.93      0.00
     45.74     51.90     37.12   5135.74      0.00
     52.54     38.03     37.21   4084.06      1.93
     49.28     52.10     37.28   5063.01      4.74
     49.29     52.07     37.30   4936.47      0.00
     57.61     38.99     37.34   4454.60      5.77
     45.69     52.06     37.40   5056.81      0.00
     54.08     85.87     37.44   6722.91      4.25
     58.05     55.87     37.55   5093.55     10.56
     45.12     51.63     37.65   4911.08      0.00
     45.23     52.09     37.78   4802.91      0.00
     53.33     52.49     37.81   5094.57      2.31
     54.25     87.26     37.85   6678.48      1.76
     45.60     52.43     37.89   5486.87      0.00
     46.22     52.40     38.03   4252.78      0.00
     45.77      5.29     38.06   2991.27      1.90
     56.47     53.06     38.13   4908.50      5.32
     46.04     52.69     38.20   4607.93      0.00
     46.65     22.18     38.42   3228.41      2.84
     45.11     52.93     38.43   5215.39      0.00
     40.17      6.44     38.62   2823.34      2.40
     55.96     13.00     38.80   3151.40      3.94
     47.53     52.35     39.59   4849.53      3.01
     50.52     52.98     39.63   4864.05      3.35
     42.04     55.18     39.83   4957.10      1.71
     53.12     80.75     39.96   6624.66      1.69
     49.35     52.62     40.04   4944.87      0.82
     41.92     37.67     40.32   4227.57      1.68
     44.85     83.89     40.58   6742.69      2.80
     45.06      7.15     40.63   3319.68      2.32
     43.19     20.40     40.64   3217.25      2.21
     44.14      8.07     40.71   2964.47      4.48
     49.18     60.72     41.62   5630.80      3.03
     59.83     94.50     41.64   7448.01      1.48
     56.23     52.61     41.73   5204.29      2.47
     48.59     12.42     41.74   2973.94      1.79
     47.41     10.12     41.87   3509.36     21.41
     47.53     82.04     42.03   7054.30      1.59
     50.07     10.11     42.08   3405.98      4.50
     47.54     52.11     42.23   4645.49      1.50
     41.67     10.26     42.39   3406.04      9.65
     42.96     10.22     42.39   3202.35      0.00
     48.90     16.10     42.49   3332.84      2.95
     52.58      9.84     42.77   3348.16      2.00
     40.24      9.48     42.84   3443.72      3.45
     46.67     23.54     43.08   3687.09      1.91
     46.85     22.57     43.25   3582.14      0.51
     51.45      6.03     43.36   3223.57      1.08
     58.87      8.18     43.46   3295.68      2.23
     51.73      5.28     43.54   3363.49     10.50
     53.67      7.35     43.59   3347.22      2.35
     40.62      8.64     43.70   3183.64      2.62
     48.76      5.73     43.95   3556.27      9.94
     48.73      5.74     44.01   3253.26      0.00
     46.11     47.56     44.16   5035.32     13.12
     58.85     86.80     44.41   7167.88      1.68
     47.35      5.59     44.42   3266.07      2.25
     47.53     18.37     44.53   3472.89      5.11
     58.67     95.33     44.68   7660.68      3.87
     44.26     13.26     44.81   2988.20      7.34
     50.57     19.41     45.37   3500.56      3.33
     40.63     44.44     45.46   4904.42      5.54
     50.41     33.78     45.48   4570.28      3.07
     50.69     20.27     45.55   3533.36      1.67
     55.65      8.06     45.70   2818.40      4.81
     56.85      7.07     45.76   3100.28      1.03
     52.60     53.07     45.84   5252.64      1.84
     52.03     31.53     46.24   4799.00      1.84
     50.47     36.66     46.28   4633.40      4.39
     52.00     57.64     46.36   5038.92      2.29
     41.59     10.13     46.39   3405.70      3.05
     45.06    123.86     46.48  10145.93      2.72
     57.84    131.27     46.48  10474.75      0.00
     51.57     32.22     46.61   4100.06     17.59
     41.69      6.32     46.67   3770.77      5.87
     41.59     44.99     46.80   4958.40      3.78
     54.74      4.46     46.82   3382.99      4.33
     49.69     44.88     46.99   4975.80      0.00
     45.58     39.44     47.03   4678.20      1.77
     55.57      2.82     47.76   3523.05      2.47
     55.44     56.74     47.85   5488.93      3.11
     55.82    130.79     47.90  10560.54      3.17
     46.08     45.67     48.04   5061.09      1.86
     41.48     11.27     48.06   3748.96      4.01
     52.98     21.98     48.22   3759.27     10.52
     41.23     10.77     48.27   3517.49      1.11
     52.66     38.88     48.36   4797.93     10.12
     53.31     28.97     48.42   4223.33      5.97
     46.49     45.90     48.62   4992.94      5.79
     54.54     30.16     48.67   4365.32      1.47
     53.51      9.78     48.86   3358.77      3.69
     40.11      4.74     49.18   3753.13      3.87
     43.22    132.03     49.30  10614.85      3.24
     54.15      8.00     49.58   3019.90      1.65
     53.56     25.88     49.62   3927.88      3.25
     58.42    139.87     49.75  11135.97      2.30
     41.59     13.76     49.82   3723.39      7.18
     50.58     41.29     49.82   4782.78      9.87
     53.62    132.04     50.06  10580.68      0.00
     53.54    132.04     50.25  10662.72      0.00
     54.39     91.94     50.69   7784.33      7.46
     59.00    128.26     50.75  10542.71      3.45
     54.24     92.11     50.84   7494.06      0.56
     42.84     40.52     50.92   4926.11      2.24
     44.50     80.74     50.94   7243.32      1.80
     52.08    132.25     51.46  10430.61      2.00
     47.37    112.49     51.79   8993.18      4.70
     53.33    131.77     52.30  10703.72      3.51
     47.92     45.55     52.34   5474.14      2.65
     52.87     60.07     52.38   5821.20      1.92
     50.43     42.59     52.79   5129.06      2.85
     49.35      5.18     53.80   3731.93      2.35
     54.59     73.62     53.85   7027.84      1.41
     43.07    112.08     53.96   9438.58      4.56
     48.55    133.01     54.01  10907.92      9.22
     47.02    133.40     54.02  10645.28      1.65
     49.86    111.11     54.34   9215.22      4.23
     53.18    131.18     54.46  10576.04      2.05
     45.48     54.81     54.48   5552.65      3.12
     56.27    104.42     54.58   9039.58      3.12
     41.06    137.66     54.67  11088.92      3.49
     46.07     89.76     55.14   7973.82      1.97
     55.49     34.41     55.61   5313.26      4.21
     49.12     45.73     55.67   5362.10      0.00
     54.62     73.87     55.79   7126.95      4.05
     46.73    132.09     56.03  10755.89     11.87
     49.61     46.04     56.37   5510.26      2.49
     55.73     35.48     56.47   4988.37      2.59
     54.16    131.51     56.66  10640.49      2.02
     58.54     55.69     57.20   5986.31      0.02
     58.57     55.65     57.22   6162.42      6.19
     44.94      3.55     57.35   4357.84      1.90
     57.00     45.82     57.93   5523.42      4.89
     43.85      2.96     58.67   4900.90      6.88
     47.43    104.68     58.98   8851.31      8.13
     58.12    111.71     59.04   9678.39      3.58
     56.22     39.46     59.07   5348.82      8.67
     49.11     92.71     59.32   8678.22      7.40
     59.43     65.69     59.35   6868.16      2.38
     49.06     92.47     59.51   8084.98      0.09
     47.03     98.40     59.54   8236.18      4.65
     41.15     35.06     59.77   5283.86      2.59
     49.53     45.43     59.82   5873.23      2.00
     40.57     14.01     59.83   4397.39      5.94
     45.13    111.30     59.92   9416.15      2.30
     40.74     17.58     59.94   4677.67      2.02
     48.39     36.87     60.03   5699.75      6.57
     49.54     44.15     60.13   5898.47      1.46
     58.64     67.54     60.62   6653.15     11.02
     59.15     67.43     60.66   6620.97      0.10
     58.60     67.69     60.75   6697.17      0.04
     56.60     39.95     60.82   5771.94      2.64
     47.27     92.51     61.61   8043.16      2.58
     49.09     45.63     61.83   5952.28      5.14
     41.14     81.57     61.91   7925.16      5.71
     54.34    133.83     61.93  11520.79      4.11
     57.24     44.58     61.93   5933.17      5.17
     57.01    134.04     62.02  11202.17      2.13
     48.94     42.44     62.40   6357.71      9.32
     56.65     40.27     62.44   5967.24      1.57
     56.52     71.45     62.58   7245.97      6.79
     40.99     81.80     62.71   8202.79      1.83
     48.86    130.92     62.73  11096.49      2.17
     44.77     93.36     62.76   8056.14      1.90
     40.71     65.35     63.01   7122.43     10.52
     40.74     65.36     63.07   7345.55      0.01
     46.81     40.82     63.27   5838.16      2.54
     42.85     68.35     63.64   7301.15      7.65
     41.11     34.79     63.68   5641.15      2.85
     56.01     63.81     63.84   6846.53      2.57
     54.96     76.76     63.87   7684.25      1.31
     46.77     98.71     63.88   8601.19      5.87
     54.98     76.75     63.89   7842.46      8.24
     41.79     81.33     63.97   7998.65      3.54
     47.05     96.89     64.21   8474.77      2.69
     57.83     81.10     64.25   8059.49     14.37
     57.81     81.08     64.29   7467.11      0.00
     57.42     43.82     64.75   6520.88      3.76
     40.28     83.65     64.76   8295.19      5.97
     59.99     82.30     64.90   7573.65      1.78
     48.20     43.77     65.10   6262.78      5.23
     48.17     43.73     65.24   5964.35      0.55
     48.91     46.69     65.31   6322.68      8.55
     42.10     82.21     65.37   7083.97     10.37
     55.12     80.86     65.63   7699.04      1.28
     59.57    117.01     65.76  10204.93      2.07
     45.21     80.35     66.00   7903.32      0.00
     44.39     81.33     66.11   7505.05      0.00
     42.08     35.92     66.17   5677.84      2.85
     44.92     81.16     66.29   8208.27      0.00
     52.01     69.60     66.29   7334.17      6.40
     44.31     81.23     66.36   7020.87      0.00
     45.11     65.89     66.38   7654.52      2.08
     44.65     81.22     66.43   8098.58      0.00
     50.97     46.64     66.43   6419.97      1.24
     41.00     58.51     66.59   6966.78      4.66
     43.23     98.96     66.65   8573.81      2.43
     51.39     64.90     67.21   6855.23      3.51
     52.17     62.42     67.35   7049.80      5.29
     55.29    137.68     67.44  11515.54     12.60
     48.19     49.42     67.47   6343.48      2.26
     59.39     42.82     67.61   6756.12     20.89
     46.72     79.70     67.63   7271.38      5.80
     46.50     68.03     67.69   7827.43      8.54
     49.00     80.12     67.98   8156.43     11.65
     52.81     63.11     67.99   7631.45      0.00
     57.28     50.29     68.25   6619.90      2.61
     52.31     63.44     68.26   7290.72      0.00
     48.89    115.69     68.31  10494.18      2.04
     52.13     63.63     68.34   7655.75      0.00
     51.49     66.43     68.37   7172.21      4.27
     50.83     66.71     68.54   7136.57      2.15
     50.63     63.60     68.62   7540.34      2.22
     57.00     85.62     68.65   7982.90      1.83
     47.73     70.38     68.79   7730.43      1.38
     53.49     61.16     68.83   7441.00      2.99
     55.87     82.87     68.96   7924.09      6.26
     48.84     69.88     68.98   7083.42      6.83
     59.64     36.03     69.01   6201.35      4.84
     49.82    128.50     69.12  11041.70      3.04
     54.33    138.26     69.12  11366.48      3.04
     52.55     61.89     69.26   7128.47      0.00
     40.87    126.15     69.27  11081.90      0.00
     44.04     73.72     69.29   7940.56      2.81
     53.78     61.77     69.37   6868.06      2.80
     57.23    139.21     69.39  11111.13      1.61
     48.89     47.12     69.49   6574.00      1.74
     41.34    126.82     69.66  10017.65      0.00
     54.45     53.95     69.96   6293.69      4.41
     57.38     43.87     69.99   6874.66      5.26
     58.06    136.95     70.12  11140.78      2.02
     42.40    128.53     70.15  10493.18      1.82
     57.03     48.49     70.26   6476.92      7.15
     48.62     81.55     70.29   8339.58      2.59
     40.47    119.35     70.52  10547.76      3.53
     55.43     50.95     70.80   6502.88      4.88
     54.86     55.72     70.93   6732.81      1.72
     50.17    119.09     71.05  10868.60      3.65
     46.30    123.03     71.25  10499.64      2.58
     44.45     56.70     71.26   7099.41      1.29
     47.31     81.24     71.29   7439.58      2.96
     45.64     56.18     71.33   6881.33      2.84
     53.66    118.85     71.33  10180.59     13.25
     53.69    118.83     71.44  10470.02      0.03
     48.61     58.81     71.53   7120.74      2.02
     42.90     70.67     71.57   8230.64      0.00
     49.08     81.91     71.58   7523.96      0.00
     50.10     47.16     71.63   6920.95      1.95
     55.54     48.11     71.99   5888.00      9.49
     45.33     52.47     72.04   7303.69      2.71
     48.40     81.08     72.22   7525.54      0.00
     45.90     71.02     72.25   7572.33      1.73
     48.64     81.39     72.29   6996.68      0.00
     53.03     95.40     72.31   8870.76      3.39
     44.35     70.17     72.41   7769.77      2.41
     48.45    120.51     72.42  10105.01      0.00
     57.46     46.82     72.43   6156.05      0.00
     48.79    120.34     72.45  10618.96      0.00
     58.38     36.07     72.49   6429.07      2.48
     48.10     80.94     72.52   8927.87      0.00
     57.59     47.24     72.52   6497.68      0.00
     48.04     49.64     72.54   6801.19      6.13
     48.09     81.07     72.54   8253.61      0.00
     48.37     80.88     72.56   6517.66      0.00
     51.15     82.93     72.57   7319.01      3.30
     58.64     41.03     72.63   7141.17      2.15
     57.41     78.80     73.22   8009.89      2.14
     57.35     45.20     73.25   5977.22      0.90
     51.09     56.44     73.35   6387.83     17.84
     57.95     45.35     73.40   7310.24      3.74
     50.84     56.40     73.51   6932.84      0.44
     52.38     55.73     73.60   6948.97      5.75
     54.77     94.40     73.62   8595.56      4.76
     45.09     51.24     73.69   7180.58      3.67
     59.10     79.41     73.77   8147.52      4.81
     44.01     86.37     73.78   8014.61      6.44
     54.69     86.81     73.82   8101.64      2.77
     58.69     43.27     74.09   8200.32      0.00
     58.11     44.45     74.31   8122.16      0.00
     42.92    115.41     74.43  10298.66      2.50
     58.43     44.48     74.55   6458.35      0.28
     48.91     88.15     74.62   8261.36      4.28
     45.24     74.67     74.63   8121.61      6.84
     57.94     43.91     74.66   8740.62      0.00
     45.44     76.04     74.84   8046.75      1.52
     49.04      1.53     74.87   5858.11      6.00
     58.38     44.13     75.02   5634.85      0.00
     57.84     44.01     75.05   5537.80      0.00
     49.48     88.84     75.10   8419.47     10.42
     57.63     44.02     75.11   6368.69      0.00
     57.29     44.66     75.13   7853.06      0.00
     56.24     38.91     75.16   6878.36      3.59
     57.60     43.84     75.32   5994.77      0.00
     51.66     51.78     75.42   6809.40      2.65
     57.89     43.87     75.52   5730.14      0.00
     58.11     43.51     75.59   4651.18      0.00
     58.40     88.83     75.84   8796.71      4.01
     50.53     55.63     76.00   7115.98      1.80
     57.69     88.72     76.10   8674.52      2.71
     57.43     89.91     76.20   8900.67      0.00
     44.65     77.71     76.31   7778.79      5.21
     49.65     49.45     76.35   7162.81      2.19
     51.01     94.13     76.71   8875.34      3.36
     51.35     96.73     76.82   9184.20      3.27
     59.54     42.91     76.88   6933.72      0.00
     47.40      3.79     76.96   6097.66      8.61
     58.28     43.16     76.97   5298.10      0.00
     48.89     53.70     77.08   7000.22      3.67
     50.73     80.88     77.10   7765.61      6.25
     59.90    123.44     77.34  10943.96      4.17
     43.52     48.27     77.40   7291.20      1.57
     41.38    137.47     77.77  11742.79      3.46
     55.97    119.49     77.99  10578.28      3.18
     44.69      4.60     78.06   6084.62     13.32
     53.16     34.58     78.11   6516.23     10.96
     49.01      4.61     78.24   5934.94      1.43
     42.27    115.15     78.38   9996.12      4.65
     48.03     33.47     78.52   6408.28      5.98
     42.16    109.65     78.90   9913.92      2.88
     50.82     88.35     79.09   8456.27      2.44
     57.78    119.07     79.10  10659.82      0.00
     47.15     34.09     79.13   6025.27     11.43
     47.23     55.51     79.16   6774.92      2.54
     45.15      4.97     79.30   5629.83      2.22
     57.75    119.01     79.30  10818.94      0.00
     57.79    119.00     79.32  10388.04      0.00
     56.37     91.38     79.46   8824.88      0.00
     42.64    110.02     79.47  10344.83      3.08
     44.54     96.26     79.61   8822.29      3.19
     46.36     56.23     79.86   7539.86      1.30
     48.83     52.12     79.92   7252.02      0.00
     45.34     64.07     79.98   7848.80      9.88
     44.85    107.34     80.19  10148.85      1.80
     47.05     57.07     80.24   7370.25      0.01
     47.10     56.98     80.25   7663.43     10.48
     43.61    110.95     80.26   9917.97      1.78
     45.71     58.88     80.29   7250.38      0.00
     50.25      8.54     80.68   6048.53      2.92
     47.96     50.81     80.70   7395.33      0.91
     48.20     99.92     80.78   9696.50      5.66
     46.07     63.72     80.79   8621.51      0.00
     47.26    101.73     80.83  10165.20      1.38
     44.10    110.29     80.84  10246.68      1.96
     49.07     38.12     81.15   6895.02      6.48
     50.32    112.24     81.19  10042.45      8.51
     48.38    110.37     81.20  10289.92      3.90
     54.38     79.42     81.29   8507.60      3.61
     51.81     98.39     81.32   9533.66      3.89
     44.82    110.02     81.33  10241.23     16.51
     46.83     53.48     81.35   6705.31      3.47
     44.08     81.58     81.36   8190.25      3.45
     59.71     29.47     81.36   6396.57      2.30
     59.18      0.25     81.39   5966.58      9.94
     46.59     65.36     81.60   7527.90      4.70
     45.38     55.29     81.74   7651.60      2.90
     50.20      9.65     81.94   6313.52      3.01
     46.31     55.11     81.96   7070.44      1.37
     57.57    121.08     81.98  10486.76      3.78
     56.91     35.49     82.04   6962.17      3.42
     47.48    102.56     82.07   9747.91      4.78
     44.06     56.84     82.16   7412.74      4.49
     50.67     37.31     82.20   6710.58      1.06
     46.38     64.18     82.26   7268.84      1.96
     44.30    139.55     82.35  12112.02      8.84
     53.67    102.68     82.50   9968.96      4.26
     59.92     19.15     82.50   6137.31      8.99
     44.45    139.04     82.61  12004.13      0.20
     47.04      6.30     82.67   6166.07      1.82
     52.93    101.79     82.73   9790.46      2.13
     40.59    135.44     82.77  11931.62      0.00
     57.53    103.53     82.77   9974.28      2.25
     47.44     43.25     82.86   7031.78      2.13
     51.79    108.64     82.92  10267.38      1.79
     46.38     86.44     83.00   8596.17     12.11
     46.51     86.76     83.01   8492.20      0.26
     59.27     23.96     83.02   6235.01      2.21
     48.14    102.05     83.07   9591.96    127.29
     42.91     58.06     83.08   7593.60      4.12
     58.36    113.02     83.09  10576.41      1.99
     47.99    101.90     83.13   9674.47      0.44
     43.81     82.22     83.29   7961.28      4.03
     46.79     66.68     83.31   7635.48      3.36
     56.19     33.93     83.38   6740.64      3.05
     56.77     79.80     83.42   8785.40      7.22
     48.12     69.19     83.48   8218.34      1.71
     55.58     79.49     83.61   8422.36      1.71
     40.79     63.66     83.74   7830.57      5.50
     41.89     61.95     83.78   7750.23      7.21
     51.85     34.35     83.88   6738.22      0.00
     47.42    139.82     83.92  12093.30      0.00
     48.51     69.74     83.93   7781.99      4.42
     58.93     22.42     84.21   6143.00      0.00
     53.53     75.36     84.29   8621.73      7.30
     56.43     32.38     84.29   6907.65      1.91
     44.11     53.46     84.31   7314.57      3.49
     58.92     43.75     85.02   6609.92      2.46
     50.98     45.32     85.10   7391.54      5.38
     50.70     45.19     85.18   7285.53      0.00
     50.26     45.43     85.40   6836.76      0.53
     46.39    126.97     85.76  11289.04      4.08
     48.90    139.57     85.90  11971.09      0.81
     49.55    139.61     85.97  12340.52      6.24
     41.05     79.94     86.07   8215.17      0.00
     57.96     42.87     86.18   6671.37      3.37
     40.32     81.11     86.28   8572.41      1.28
     55.77     29.80     86.35   6686.30      2.08
     54.37     31.90     86.38   7055.75      2.26
     40.75     79.83     86.49   7658.17      0.00
     47.71      6.79     86.54   6412.80      2.74
     41.18     79.67     86.74   8031.59      0.00
     42.23    134.79     86.76  11825.61      2.75
     54.88     36.02     87.02   6975.96      3.10
     46.24     99.26     87.14   9693.32      1.62
     41.67    130.60     87.20  11709.49      2.18
     53.48     73.97     87.48   8669.48      8.56
     54.52     28.72     87.70   6929.85      1.84
     54.76     31.94     87.75   7411.33      6.62
     44.71    129.00     87.82  11933.55      1.93
     55.03     26.78     87.97   6876.92      3.20
     42.50     47.66     88.09   7827.84      3.59
     45.73     56.90     88.23   7902.86      1.63
     57.44     15.38     88.33   6611.91      1.51
     52.33    138.14     88.87  12085.70      1.60
     43.97     49.21     88.97   7767.23      0.00
     44.08     49.28     88.98   7760.15      0.00
     44.40    131.98     89.00  11772.70      2.48
     44.40     50.08     89.05   7465.62      0.00
     43.49    135.25     89.11  12217.69      2.82
     44.25     49.47     89.24   7482.88      0.00
     44.44     49.66     89.62   7667.66      0.00
     52.54     41.83     89.75   7225.94      1.83
     57.67     42.48     89.78   7208.27      7.81
     46.23     47.60     89.81   7360.71      5.22
     40.63     15.83     89.95   6808.82      2.69
     45.15     66.63     90.02   8508.58      2.67
     53.58     73.82     90.02   8732.63      5.22
     59.22      1.29     90.52   7120.48      2.46
     55.66     30.37     90.75   7284.61      2.09
     51.57     54.15     90.88   7786.83      2.09
     44.51     53.63     91.39   7995.97      2.91
     40.27     87.42     91.71   9135.34      1.88
     54.88     30.01     91.78   7266.91      3.21
     53.19     76.53     92.11   8751.22      7.78
     54.35     76.82     92.29   8867.41      1.54
     43.72     96.43     92.51   9769.90      7.55
     54.62     76.90     92.64   8752.84      2.04
     41.60     48.70     92.65   7656.90      5.30
     48.36    105.26     92.65  10195.17      3.14
     45.21     55.67     92.78   7955.14      7.78
     56.28     31.08     92.85   6837.00      4.46
     45.72     80.40     92.88   8794.57      2.79
     42.70      8.56     92.92   7013.32      0.78
     40.74     58.53     92.93   8547.88      7.51
     52.91      7.37     93.47   7120.11      9.34
     40.68     56.28     93.78   7865.83      2.95
     45.67     56.16     94.03   8112.80      4.60
     57.58     41.58     94.32   7689.47      0.33
     57.61     41.89     94.39   7172.84     11.02
     54.81     35.90     94.66   7682.83      0.00
     40.17     82.20     94.86   9111.54      4.33
     54.80     36.00     95.04   7627.24      0.00
     51.13     92.10     95.18   9986.92      6.38
     49.97     63.36     95.44   8646.60      0.81
     57.98    129.15     95.73  11955.83      3.13
     56.86     43.69     95.92   7874.39      9.73
     57.60    137.49     95.98  12442.40      2.58
     43.43     71.77     96.02   8889.97      4.06
     52.07    132.79     96.10  12255.34      6.58
     44.00     10.13     96.25   7318.06      3.39
     58.63      2.88     96.29   7404.49      3.18
     56.88     43.83     96.42   7444.03      0.32
     40.89     83.15     96.54   9067.95      2.27
     47.83      3.12     97.33   7456.46      3.73
     53.01     51.17     97.34   8343.40      2.09
     56.39     46.04     97.38   7928.61      6.36
     45.13     88.27     97.47   9715.76      3.21
     44.25     67.24     97.57   8823.98     13.51
     58.78    129.26     97.65  12262.38      3.05
     59.38    125.19     97.67  11748.90      1.93
     42.69     97.18     97.80  10228.67     16.06
     53.76     48.85     97.81   8251.78      2.42
     45.83    104.02     97.87  10521.44      4.40
     42.63     97.20     97.95  10241.86      0.01
     51.19      1.99     97.97   7649.61     10.65
     42.54     97.15     98.01   9882.97      0.02
     48.33    112.34     98.03  11003.59      0.69
     57.48     28.64     98.03   7668.30      2.21
     43.54    115.09     98.09  11476.81      5.88
     42.31     62.31     98.13   8983.69      0.00
     46.50     90.95     98.17   9891.73      1.56
     53.39    109.75     98.25  10760.29      4.22
     56.99      5.14     98.25   7170.37      0.00
     41.37     71.61     98.26   8769.58      4.58
     54.72    131.72     98.38  12186.28      0.00
     49.92      2.67     98.39   6865.73      1.93
     47.62     90.56     98.43   9842.01      2.38
     51.69    119.18     98.51  11455.78      2.88
     45.62     63.44     98.58   9838.08      0.15
     56.96      5.09     98.73   7704.17      0.00
     53.78     51.88     98.75   8243.61      2.07
     59.75     29.63     98.79   7911.60      0.03
     55.22    133.67     98.91  12379.48      3.90
     45.43     63.77     98.93   8540.37      0.00
     56.69      5.96     98.99   6822.50      2.94
     45.46     62.98     99.03   8445.27      0.00
     53.60    131.12     99.03  12344.66      1.67
     59.61     29.58     99.07   7851.99      4.02
     42.13     98.12     99.08  10273.69      1.71
     46.82    118.69     99.41  11480.81      8.09
     51.33     70.32     99.46   9040.16      6.38
     56.21     47.31     99.50   8273.39      2.66
     46.89     62.80     99.56   8896.27      2.40
     43.00      6.19    100.25   7340.28      3.42
     48.38     90.18    101.26   9910.38      2.12
     40.86      5.88    101.28   7603.16      4.51
     42.43      6.30    101.45   7274.90      3.42
     51.99    129.00    101.52  12112.23      2.50
     40.31      8.40    101.78   7371.14      3.15
     53.49    126.51    101.96  11941.12      3.66
     55.15    124.28    101.98  12128.18      6.64
     52.73    127.77    102.00  12274.27      2.87
     40.03     10.47    102.07   7722.13      4.19
     52.01     57.87    102.25   9364.40      4.26
     54.10    136.16    102.32  12344.73      3.70
     55.69      8.96    102.36   7904.62      0.00
     48.29    124.91    102.47  11918.52      2.52
     48.12     91.64    102.56  10118.32      1.89
     40.56     73.24    102.66   9061.83      3.37
     54.91      9.63    102.68   8121.04      0.00
     42.91     76.88    102.77   9448.47      2.33
     59.43      4.45    102.88   7653.62      3.62
     51.42     57.55    103.16   9016.61      3.93
     52.46     57.71    103.38   8228.20      0.02
     52.46     57.75    103.39   8969.52     12.86
     43.53     77.16    103.50   9367.99      3.53
     54.00     10.99    103.64   7527.47      3.44
     49.60     70.16    103.74   9553.44      7.15
     59.83     50.69    103.78   8810.46      3.23
     57.51      7.26    103.82   7517.19      8.36
     49.64     70.29    103.89   9021.63      0.31
     44.97     59.44    104.00   8895.10      2.70
     57.62      7.36    104.04   7436.59      0.22
     46.87     66.31    104.17   9040.24      4.44
     47.78     67.69    104.23   9174.88     13.02
     43.72     71.15    104.32   9237.03      0.71
     42.94     71.49    104.40   9066.98      4.96
     59.55     24.05    104.44   7972.59      1.94
     57.21     74.26    104.46   9493.75      8.56
     58.08     49.16    104.69   8998.08      5.86
     44.24      3.15    104.80   7965.19      7.30
     58.12     49.84    104.99   8926.78      1.07
     52.89     27.52    105.30   8153.88      4.01
     43.82     32.74    105.74   8378.38      5.80
     52.79     66.83    105.79   9124.48      7.37
     58.37     48.18    105.79   8855.83      2.37
     53.39     11.62    105.81   8044.48      2.29
     40.57     64.04    105.85   9180.54      3.02
     57.03     76.02    106.12   9506.20      3.27
     57.50     54.77    106.17   9053.51      0.00
     49.15     65.07    106.24   9044.85      1.99
     56.27     25.50    106.42   8572.75     19.11
     57.69     57.26    106.44   8757.15      0.03
     57.17     55.09    106.50   9479.98      0.00
     56.15     25.45    106.54   8393.43      0.00
     56.15     25.56    106.56   8311.25      0.02
     57.60     54.99    106.60   9009.62      0.00
     57.05     55.50    106.71   9665.21      0.00
     43.06     28.46    106.73   8134.05      1.93
     57.97     56.85    106.74   8894.68      0.02
     57.15     55.56    106.80  10039.43      0.00
     57.05     55.78    106.92   8870.31      0.00
     47.04      5.11    106.98   8105.46      3.09
     57.38     55.85    107.09   9107.92      0.00
     58.28     56.27    107.34   8834.96      8.07
     56.99     56.85    107.36   8612.39      5.65
     59.40     59.07    107.36   8951.55      1.60
     55.06     75.89    107.47   9794.31      3.35
     40.93     20.14    107.55   8394.76      5.48
     43.64     53.27    107.77   9142.19      2.54
     48.94     23.71    108.13   8592.54      9.58
     49.01     23.79    108.13   8261.52      0.03
     43.61     20.62    108.21   8518.82      2.89
     49.38     21.97    108.24   8355.67      1.58
     58.65     83.57    108.46  10406.03     10.49
     55.79     27.30    108.47   8329.17      1.71
     43.25     19.99    108.53   8224.92      2.78
     55.56     11.65    108.55   8206.71      2.27
     54.44     24.74    108.85   8428.43      2.25
     54.51    134.72    108.97  13104.31      2.34
     58.20     65.14    109.32   9160.01      2.44
     54.84     27.50    109.44   8501.83      1.95
     54.91     14.24    109.57   8447.93      1.93
     49.11     19.12    109.58   8273.52      0.00
     54.73     15.24    109.77   8779.27      5.61
     48.35     19.49    109.79   8443.49      0.00
     48.41     19.49    109.85   8576.64      0.00
     54.23     18.02    109.87   8783.13      3.72
     56.51     56.34    109.93   8502.50      2.10
     58.96     49.88    110.00   8875.54     11.86
     58.50     51.61    110.04   9647.48      3.36
     54.31    135.24    110.10  12848.45      1.90
     48.61     19.19    110.32   8026.31      0.00
     54.95     24.31    110.40   8443.64      3.32
     58.78     48.19    110.40   9275.05      0.00
     59.47     47.46    110.76   8460.32      0.00
     49.03     18.99    110.82   8287.49      0.00
     40.98     58.24    110.93   9458.23      8.86
     43.40     22.90    110.98   8261.80      1.99
     58.89     48.02    111.07   9049.74      0.00
     54.14      1.25    111.20   8362.71      3.29
     59.12     48.26    111.24   9659.26      0.00
     54.23     18.82    111.28   8910.92      0.00
     54.89    138.37    111.49  13249.85      2.06
     57.51     35.03    111.50   8853.10      4.24
     54.37     18.82    111.62   8325.42      0.00
     54.36     18.99    111.82   7964.76      0.00
     55.08     24.11    112.03   8546.75      6.28
     55.35     16.05    112.29   9154.59      1.95
     52.78      5.98    112.32   8642.60      2.30
     58.51     51.72    112.56   9052.57      4.40
     56.57    130.41    113.07  12943.56      3.11
     43.60     23.34    113.10   8417.79      2.32
     53.67     79.88    113.28  10532.70      2.49
     43.06     96.53    113.58  11228.12      4.12
     54.48     15.92    113.64   8468.19      0.00
     54.21     16.15    113.65   9200.02      0.00
     41.53      0.42    113.84   8316.60      2.21
     53.99     80.36    114.38  10430.56      2.05
     59.49    107.31    114.69  11972.21      2.63
     59.43     42.28    115.33   9277.01      4.00
     57.44     30.52    115.54   9041.00      8.36
     58.40     35.30    115.67   9211.73      0.00
     58.02    128.68    116.11  13178.36      2.57
     46.53     81.45    116.32  10521.92      2.33
     59.65     40.74    116.69   9300.28     23.42
     50.88     42.13    116.96   9427.55      7.97
     53.94     12.34    117.79   9106.02      0.03
     53.87     23.61    118.17   8922.78      0.44
     53.06     25.65    118.19   9011.59      0.17
     53.23     25.79    118.23   8908.66      4.86
     51.80    138.25    118.26  13660.79      4.54
     55.04     12.20    118.29   9168.93      0.00
     53.58     23.78    118.39   8676.81      7.66
     53.70     13.29    118.53   8665.26      0.00
     54.10     12.51    118.75   9201.62      0.00
     56.47     15.78    118.83   8947.86      3.81
     59.76    118.57    118.90  12975.69      2.05
     54.01     21.38    118.93   8999.92      6.20
     55.80      0.33    119.01   9225.13      1.40
     54.55     12.58    119.04   8218.55      0.00
     54.56     12.55    119.05   8735.54      0.00
     54.60     12.61    119.05   9357.75      0.00
     59.79     12.97    119.23   8976.86      4.54
     54.11     12.97    119.33   8914.17      0.00
     54.21     12.25    119.63   9133.41      0.00
     56.06    138.95    120.20  14286.65      0.19
     56.16    138.98    120.35  13824.93      6.64
     52.98    133.46    120.40  13729.89      3.93
     59.20    131.81    120.64  13216.38      4.79
     59.33    132.60    120.65  13149.60      1.58
     49.29     85.43    120.94  11217.65      2.11
     56.10      2.56    121.13   9596.38      6.16
     59.86     18.11    121.24   9019.45      2.25
     59.40    110.25    121.42  12596.85      2.41
     59.38    125.09    121.48  13027.93      1.40
     55.96      4.57    121.57   9637.32      2.30
     53.06    136.16    121.79  13865.86      2.32
     42.88    116.27    121.91  12627.47      1.86
     55.12      9.11    122.01   9173.88      0.00
     52.08    138.47    122.16  13919.00      3.70
     59.17    128.85    122.18  13266.21     10.29
     54.97     11.65    122.31   9637.34     10.22
     57.65    138.57    122.82  14177.56      1.60
     53.13      7.95    122.91   9337.90      0.81
     53.09      9.90    123.02   9365.33      0.00
     53.17      9.81    123.12   9180.68      0.00
     54.27      9.46    123.22   9520.06      0.00
     53.81     10.16    123.30   9055.33      1.25
     54.18      9.04    123.32   9241.60      0.00
     54.28      9.48    123.34   9210.68      0.00
     40.88     93.16    123.37  11837.23      2.21
     54.29      9.50    123.40   8924.50      0.00
     49.28     87.99    123.44  11621.90      3.14
     58.97    123.39    123.53  13064.91      0.00
     52.89     11.68    123.71   9065.76      1.21
     54.84      4.03    123.73   9387.66      2.19
     41.14     94.20    123.92  11728.25      4.10
     57.63     97.49    123.95  12255.04      0.10
     57.78     97.48    123.99  12120.06     10.07
     58.45    123.38    124.03  12789.99      0.00
     56.56     96.27    124.05  11929.29      4.15
     58.21     98.00    124.20  12243.33      2.75
     56.63    122.32    124.48  13769.29      1.31
     58.74    123.07    124.57  13167.98      0.00
     57.20    109.96    124.62  12704.65      2.29
     57.78     21.96    124.65   9345.84      9.14
     57.06    139.12    124.79  12523.14      6.32
     57.26    129.73    124.80  13693.69      3.45
     40.60    101.01    124.81  12251.81      2.04
     56.76    140.87    124.85  13790.17      5.54
     54.38    138.47    124.95  14169.08      1.88
     55.67      0.21    125.05   9390.12      0.00
     55.61      0.76    125.10   9872.28      2.62
     56.91    137.88    125.24  13581.84      0.00
     58.65    123.20    125.37  13676.63      0.00
     57.55    137.05    125.46  13933.36      0.00
     51.18     14.28    125.50   9683.72      4.99
     42.65    101.80    125.51  12659.50      3.61
     56.49    136.78    125.55  13662.83      0.00
     41.09     19.85    125.62   9500.40      2.13
     58.53    122.55    125.76  12456.19      0.00
     56.81    137.05    125.78  13813.38      0.00
     56.60      1.47    125.83   9054.59      2.16
     55.84    138.35    125.87  14075.67      7.01
     58.53    109.88    126.15  12484.78     13.56
     55.34    132.88    126.17  13319.90      0.00
     57.96    137.54    126.41  14347.41      0.00
     59.66     42.94    126.41  10340.38      0.96
     51.71     50.34    126.48  10442.42      2.00
     41.71     81.92    126.53  11379.48      1.42
     55.48    107.39    126.58  13002.64      7.21
     56.74    137.27    126.63  13685.73      0.00
     49.91     15.26    126.79   9183.75      9.44
     57.58    110.64    126.87  12747.51      1.68
     55.26     49.01    126.94  10734.69      0.04
     52.39     54.84    126.96  10662.56     13.99
     55.28     49.01    126.96  10714.75      3.85
     59.89     42.78    127.07  10059.99      8.08
     42.29    100.47    127.21  12192.97      5.12
     46.40     17.80    127.27   9549.54      2.62
     57.71    110.35    127.36  12750.67      1.46
     55.84    131.58    127.46  14432.67      1.21
     58.68    112.95    127.60  13395.16      0.00
     57.14    132.11    128.09  13853.98      0.00
     56.84    112.84    128.10  12482.33      0.00
     56.40    120.19    128.13  13240.51      1.68
     57.63    126.24    128.14  13507.66      0.80
     55.29    107.71    128.22  13177.94     11.65
     57.54    136.21    128.28  13521.33      2.25
     56.85    132.07    128.31  13509.08      0.00
     57.40    112.83    128.38  13400.97      0.00
     54.24     53.08    128.42  10548.88      7.24
     55.32    130.89    128.43  13045.14      2.40
     55.94    132.41    128.46  13655.62      0.27
     57.21    112.56    128.48  13715.45      0.00
     48.07      7.03    128.55   9480.49      2.34
     54.21    128.50    128.82  12888.28      2.22
     47.35     17.67    129.07   9583.68      2.73
     41.65    140.10    129.24  14442.54      3.26
     53.68    107.53    129.40  12849.02      7.43
     54.45    108.94    129.78  13007.09      5.88
     56.82    104.02    129.87  12339.31      1.98
     57.02    128.18    129.97  13147.39      0.00
     54.94    126.07    130.00  13287.15      1.50
     54.10    115.89    130.14  13286.83     15.90
     55.38    124.89    130.29  13763.12      0.00
     55.87    129.21    130.29  12947.24      0.00
     57.26    129.68    130.37  12991.50      1.95
     57.36    128.57    130.37  13446.72      0.00
     55.19    132.55    130.39  13139.03      2.17
     56.19    127.80    130.42  13795.11      0.00
     56.45    128.55    130.49  13081.99      0.00
     59.88     44.33    130.72  10396.73      1.79
     41.73     99.41    130.76  12384.35      1.94
     54.87    124.88    130.79  13760.38      0.00
     56.65    128.47    130.87  12919.24      0.00
     53.77    113.95    131.10  12941.79      1.88
     47.59     89.14    131.25  12169.00      3.25
     58.17    128.53    131.46  13010.28      1.99
     54.85    112.13    131.60  12784.25      4.29
     44.68      5.88    131.75   9581.52     13.95
     56.12      0.45    131.86   9876.39      0.11
     51.69    108.19    131.87  12994.04      4.36
     40.15     64.36    131.91  11270.68      3.73
     59.11     88.83    131.95  12162.97      2.34
     50.43     87.79    131.96  12181.79      1.96
     47.12     88.63    132.10  12202.66      7.19
     55.46      0.56    132.11   9814.39      0.00
     55.45      0.51    132.14   9653.96     15.81
     53.41     15.15    132.24   9833.69      3.47
     45.62     54.57    132.25  11228.52      4.49
     45.72    103.31    132.40  12543.97      2.02
     54.08     37.42    132.77  10539.32      3.99
     59.70     28.73    132.78  10346.99      3.19
     59.53     87.99    132.82  12164.78      1.86
     56.74     70.55    133.01  11789.68      3.54
     56.55     54.72    133.02  11135.67      1.95
     54.85     10.45    133.36  10028.82      3.69
     43.64     12.31    133.58  10110.10      2.59
     40.57     97.58    133.99  12324.03      3.43
     43.29     13.76    134.15  10110.83      5.03
     54.51      7.98    134.86  10235.40      5.76
     54.46      7.95    134.91  10088.59      0.09
     42.24      3.10    135.21  10092.63      9.08
     52.87    127.46    135.64  12876.56      0.06
     59.79     28.89    135.66  10412.75      5.04
     53.73     11.52    135.71  10190.74      2.71
     45.44     60.47    135.77  11153.54      2.56
     59.85     28.25    135.77  10461.19      0.29
     52.91    123.40    135.92  12959.68      0.00
     54.73    133.73    136.17  13817.66      3.24
     53.35    108.33    136.22  13564.69      0.31
     52.89    127.33    136.32  13210.65     12.88
     53.16    123.47    136.32  14243.55      0.00
     53.14    123.67    136.43  14117.29      0.00
     52.99    123.75    136.52  12435.79      0.00
     53.42    108.69    136.54  13331.72      0.04
     53.45    108.58    136.64  13241.37     13.19
     44.22    108.06    136.66  13056.66      1.48
     55.46     19.87    136.82  10077.18     17.98
     53.87    123.88    136.85  12693.35      2.06
     41.05     87.42    136.87  12628.54     15.43
     53.63    124.28    137.05  14428.30      0.00
     56.05     72.32    137.15  12481.31      3.30
     51.73    117.43    137.54  13523.60      1.93
     40.83     68.49    137.60  11972.15      4.25
     41.77     89.71    137.64  12128.24      3.13
     59.60     30.14    137.72  10510.57      5.23
     52.52    119.32    137.75  14003.90      1.20
     59.97     32.49    137.90  10297.21      2.72
     52.10    111.11    137.96  13113.92      0.00
     52.12    111.19    138.18  12527.71      0.00
     50.80     84.84    138.26  12049.04      6.59
     53.18    122.40    138.28  13081.84      4.47
     48.35    108.80    138.35  13596.60      1.76
     54.18     75.77    138.38  11756.98      0.13
     54.22     75.68    138.39  12118.28      8.17
     54.45     14.45    138.40  10516.01      5.66
     52.66    122.21    138.67  14120.52      2.78
     57.45    103.77    138.79  12932.75      2.18
     55.19    137.77    138.88  14361.24      2.47
     50.92     84.26    138.92  12123.30      0.31
     54.30     13.23    138.92  10395.61      3.49
     42.87     82.49    139.09  12298.92      3.03
     52.12    122.78    139.10  12834.03      0.00
     52.67    122.43    139.13  12951.67      0.00
     54.71      7.37    139.15   9986.39      5.38
     51.57     74.90    139.30  12462.13      1.92
     44.84     88.74    139.42  12216.55      1.99
     51.03    123.58    139.58  13771.47      0.00
     54.58     13.40    139.70  10513.04      3.97
     54.11    129.54    139.71  13842.47      8.00
     54.24    129.48    139.76  13808.26      0.05
     56.49     56.98    139.76  11618.82      2.74
     57.93     67.94    139.76  12052.36      3.65
     50.10    108.57    139.78  13171.13      2.34
     55.21      3.42    139.79  10514.13      2.59
     54.99     54.90    139.83  11286.07      6.07
     41.65     44.39    140.01  11211.71      2.35
     54.29     55.83    140.06  11554.63      1.75
     59.63     57.89    140.14  11528.65      7.65
     52.08    108.74    140.34  13144.05      8.17
     48.51    108.32    140.41  13316.38      3.44
     45.05     15.27    140.63  10651.95      1.84
     52.04     48.82    140.75  11302.84      5.19
     53.21     54.93    140.84  11414.10      7.35
     40.78     66.31    140.90  11900.02      5.13
     51.33    123.03    140.91  13329.84      1.25
